100
2 1 1 1 1 1 1 1 0 0 0 0 0 0 2 0 2 2 0 0 1 2 0 1 0 1 0 1 2 1 1 1 0 2 0 0 0 0 0 1 0 1 2 1 2 0 1 0 1 1 2 1 0 2 1 0 1 0 1 2 0 0 1 1 1 1 0 0 2 1 2 1 0 0 2 1 1 1 0 2 0 0 1 1 1 2 1 1 0 1 2 2 2 1 0 1 1 1 1 0 
0 8
0 13
0 14
0 17
0 18
0 22
0 26
0 27
0 28
0 31
0 32
0 35
0 40
0 46
0 56
0 62
0 69
0 73
0 74
0 82
0 84
0 86
0 88
0 89
0 97
1 3
1 7
1 8
1 11
1 14
1 15
1 16
1 19
1 20
1 21
1 25
1 26
1 31
1 32
1 36
1 41
1 42
1 46
1 47
1 48
1 53
1 57
1 63
1 69
1 74
1 76
1 77
1 86
1 88
1 96
2 4
2 7
2 9
2 10
2 19
2 23
2 27
2 32
2 34
2 35
2 41
2 48
2 49
2 55
2 58
2 64
2 65
2 69
2 71
2 80
2 86
2 87
2 95
3 4
3 7
3 9
3 10
3 11
3 19
3 26
3 29
3 30
3 33
3 34
3 35
3 37
3 40
3 41
3 43
3 50
3 59
3 63
3 65
3 68
3 72
3 73
3 74
3 78
3 79
3 90
3 91
3 93
3 99
4 9
4 12
4 29
4 31
4 36
4 41
4 46
4 48
4 53
4 55
4 62
4 63
4 72
4 76
4 78
4 82
4 85
4 88
4 90
4 94
5 6
5 13
5 16
5 26
5 30
5 46
5 53
5 64
5 73
5 75
5 78
5 79
5 89
5 94
6 13
6 21
6 23
6 24
6 25
6 26
6 27
6 29
6 34
6 36
6 40
6 46
6 57
6 64
6 66
6 67
6 68
6 71
6 74
6 78
6 79
6 80
6 85
6 90
6 92
6 94
6 95
6 99
7 13
7 14
7 17
7 20
7 25
7 35
7 42
7 44
7 45
7 50
7 55
7 59
7 61
7 70
7 89
7 91
7 92
7 93
7 99
8 10
8 12
8 13
8 16
8 22
8 26
8 31
8 36
8 38
8 40
8 45
8 48
8 50
8 51
8 52
8 55
8 59
8 61
8 75
8 76
8 77
8 81
8 83
8 84
8 89
8 91
8 99
9 11
9 15
9 20
9 22
9 28
9 29
9 31
9 33
9 40
9 43
9 44
9 47
9 50
9 60
9 61
9 64
9 71
9 72
9 84
9 87
9 88
9 89
9 92
10 13
10 15
10 19
10 27
10 33
10 34
10 38
10 44
10 45
10 47
10 52
10 57
10 60
10 64
10 65
10 78
10 83
10 85
10 90
10 93
11 19
11 20
11 26
11 31
11 32
11 35
11 36
11 42
11 46
11 47
11 50
11 51
11 53
11 55
11 58
11 59
11 60
11 61
11 64
11 67
11 68
11 71
11 73
11 74
11 76
11 78
11 81
11 85
11 89
11 96
12 14
12 23
12 25
12 28
12 35
12 58
12 63
12 64
12 71
12 75
12 79
12 80
12 88
12 94
12 95
12 98
13 16
13 17
13 20
13 28
13 32
13 35
13 36
13 40
13 41
13 42
13 44
13 52
13 57
13 58
13 65
13 66
13 74
13 76
13 81
13 86
13 87
13 92
14 19
14 26
14 36
14 37
14 46
14 52
14 59
14 60
14 65
14 72
14 75
14 77
14 81
14 84
14 86
14 89
14 90
14 93
15 17
15 21
15 24
15 25
15 27
15 28
15 33
15 35
15 37
15 38
15 40
15 56
15 65
15 71
15 84
15 96
15 98
16 18
16 20
16 21
16 23
16 27
16 33
16 35
16 37
16 42
16 45
16 47
16 49
16 61
16 62
16 63
16 71
16 74
16 76
16 83
16 85
16 88
16 92
17 23
17 24
17 28
17 41
17 44
17 52
17 53
17 59
17 60
17 62
17 63
17 65
17 76
17 77
17 85
17 91
17 98
18 20
18 21
18 26
18 27
18 41
18 43
18 44
18 50
18 52
18 53
18 56
18 60
18 61
18 62
18 68
18 71
18 75
18 76
18 82
18 96
18 97
19 21
19 22
19 25
19 31
19 35
19 41
19 42
19 46
19 49
19 53
19 55
19 59
19 66
19 78
19 85
19 88
19 94
20 23
20 24
20 27
20 28
20 31
20 33
20 40
20 45
20 49
20 53
20 56
20 65
20 66
20 76
20 77
20 80
20 84
20 86
20 90
20 95
20 99
21 33
21 40
21 41
21 43
21 53
21 54
21 55
21 61
21 62
21 63
21 68
21 70
21 80
21 82
21 92
21 95
21 98
21 99
22 23
22 25
22 39
22 40
22 41
22 42
22 50
22 51
22 52
22 53
22 55
22 60
22 61
22 65
22 66
22 68
22 73
22 76
22 80
22 96
23 33
23 48
23 49
23 52
23 58
23 65
23 69
23 71
23 75
23 78
23 79
23 90
24 25
24 26
24 27
24 30
24 36
24 40
24 48
24 50
24 60
24 62
24 72
24 73
24 76
24 79
24 80
24 84
24 89
24 92
24 97
24 98
24 99
25 30
25 32
25 34
25 40
25 48
25 49
25 53
25 61
25 65
25 73
25 76
25 78
25 84
25 85
25 88
25 97
26 27
26 34
26 39
26 42
26 43
26 45
26 46
26 48
26 50
26 55
26 61
26 63
26 68
26 71
26 76
26 78
26 82
26 87
26 89
26 93
27 34
27 37
27 38
27 39
27 42
27 44
27 46
27 60
27 61
27 62
27 64
27 71
27 72
27 75
27 78
27 80
27 97
28 38
28 48
28 52
28 53
28 63
28 64
28 65
28 70
28 71
28 81
28 83
28 85
28 88
28 89
28 90
28 91
28 94
28 99
29 34
29 45
29 46
29 48
29 50
29 51
29 53
29 56
29 58
29 61
29 63
29 66
29 67
29 79
29 82
29 83
29 85
29 89
29 96
29 97
30 33
30 48
30 53
30 54
30 56
30 61
30 62
30 65
30 67
30 75
30 82
30 99
31 37
31 42
31 43
31 52
31 54
31 57
31 58
31 62
31 64
31 65
31 77
31 83
31 87
31 92
32 37
32 39
32 41
32 43
32 48
32 50
32 54
32 56
32 60
32 62
32 64
32 67
32 71
32 75
32 77
32 85
32 92
32 95
32 98
33 34
33 35
33 38
33 41
33 50
33 51
33 53
33 56
33 58
33 61
33 64
33 68
33 71
33 75
33 77
33 78
33 81
33 82
33 83
33 84
33 86
33 87
33 91
33 93
33 98
34 36
34 37
34 42
34 46
34 49
34 51
34 56
34 58
34 59
34 72
34 84
34 85
34 86
34 90
35 40
35 41
35 47
35 49
35 50
35 56
35 57
35 58
35 59
35 66
35 76
35 77
35 78
35 80
35 82
35 88
35 89
35 91
35 95
35 96
36 38
36 50
36 55
36 60
36 66
36 67
36 68
36 70
36 71
36 73
36 74
36 76
36 77
36 78
36 79
36 83
36 87
36 89
36 90
36 95
36 99
37 44
37 45
37 47
37 48
37 52
37 55
37 56
37 59
37 72
37 76
37 82
37 90
37 94
38 49
38 50
38 53
38 57
38 63
38 64
38 65
38 67
38 69
38 73
38 74
38 75
38 76
38 78
38 81
38 86
38 88
38 89
38 90
38 92
39 41
39 42
39 48
39 49
39 52
39 53
39 55
39 59
39 63
39 71
39 73
39 78
39 79
39 82
39 83
39 84
39 89
39 92
39 94
39 97
40 41
40 48
40 50
40 53
40 54
40 61
40 66
40 67
40 74
40 78
40 80
40 81
40 83
40 89
40 92
40 96
40 99
41 47
41 54
41 59
41 64
41 66
41 67
41 70
41 83
41 92
41 99
42 43
42 48
42 53
42 54
42 55
42 56
42 64
42 65
42 68
42 72
42 76
42 77
42 79
42 86
42 92
42 97
43 45
43 47
43 48
43 49
43 50
43 52
43 54
43 58
43 61
43 66
43 68
43 71
43 72
43 76
43 84
43 90
43 99
44 45
44 54
44 56
44 60
44 63
44 64
44 67
44 69
44 70
44 77
44 80
44 86
44 88
44 89
45 47
45 51
45 54
45 55
45 58
45 61
45 63
45 72
45 76
45 80
45 82
45 84
45 93
45 94
45 97
46 48
46 50
46 58
46 63
46 66
46 74
46 81
46 88
46 95
47 48
47 54
47 55
47 56
47 62
47 71
47 91
47 93
47 99
48 57
48 60
48 64
48 68
48 69
48 73
48 74
48 77
48 84
48 87
48 96
49 51
49 62
49 63
49 66
49 68
49 69
49 82
49 85
49 87
49 89
49 95
49 97
50 52
50 56
50 57
50 60
50 67
50 70
50 75
50 79
50 89
50 94
50 95
50 99
51 55
51 60
51 63
51 65
51 67
51 74
51 75
51 76
51 92
52 54
52 57
52 58
52 63
52 70
52 71
52 72
52 78
52 85
52 91
52 92
52 93
52 96
53 54
53 55
53 64
53 68
53 73
53 75
53 80
53 81
53 87
53 90
53 92
54 55
54 56
54 63
54 66
54 67
54 80
54 82
54 86
54 91
54 97
54 98
55 57
55 81
55 83
55 86
55 88
55 89
55 91
55 96
55 97
56 58
56 69
56 73
56 78
56 81
56 93
56 95
56 96
57 60
57 62
57 63
57 64
57 65
57 74
57 75
57 80
57 81
57 83
57 89
57 91
57 97
57 98
58 60
58 62
58 66
58 67
58 74
58 84
58 90
58 91
58 92
58 93
58 95
59 61
59 62
59 63
59 67
59 71
59 72
59 73
59 76
59 80
59 89
59 91
59 94
59 98
60 62
60 68
60 71
60 74
60 76
60 78
60 81
60 87
60 89
60 91
60 93
61 66
61 67
61 72
61 73
61 76
61 79
61 80
61 82
61 84
61 86
61 88
61 96
61 98
62 64
62 70
62 73
62 81
62 86
62 87
62 98
63 64
63 67
63 69
63 71
63 75
63 77
63 80
63 89
63 92
63 94
64 72
64 78
64 90
64 93
64 95
65 69
65 70
65 72
65 77
65 83
65 84
65 86
65 90
65 92
65 93
65 95
65 98
66 87
66 96
66 99
67 71
67 72
67 81
67 84
67 85
67 87
67 92
67 93
67 97
67 98
67 99
68 70
68 71
68 77
68 79
68 81
68 83
68 91
68 95
68 98
68 99
69 72
69 74
69 78
69 85
69 92
70 73
70 78
70 79
70 80
70 83
70 84
70 89
70 97
70 99
71 72
71 80
71 88
71 90
71 91
71 98
72 77
72 78
72 80
72 84
72 88
72 90
72 99
73 75
73 77
73 79
73 82
73 83
73 93
73 95
73 97
74 76
74 82
74 85
74 89
74 91
74 96
74 98
74 99
75 78
75 82
75 95
76 93
76 94
76 97
76 98
77 79
77 80
77 82
77 86
77 89
77 90
77 91
77 98
78 87
78 88
78 91
78 93
78 96
78 97
79 81
79 82
79 83
79 84
79 86
79 95
80 85
80 88
80 92
80 98
81 98
82 86
82 92
82 93
82 94
82 95
83 85
83 87
83 92
83 93
84 88
84 97
85 88
85 92
86 95
86 96
86 98
87 92
87 94
87 95
87 96
88 93
88 96
88 97
88 99
89 94
89 95
90 96
91 94
91 96
91 98
92 96
92 97
93 94
93 95
93 99
94 95
94 97
94 98
97 98