100
1 0 0 1 1 0 1 0 0 0 0 0 0 1 1 1 0 1 0 0 0 0 1 1 1 1 1 0 0 0 0 1 0 0 1 0 0 0 0 1 0 0 0 1 0 0 1 1 1 0 0 1 1 1 0 1 1 1 1 1 0 1 1 0 1 1 1 1 1 1 0 0 0 1 1 0 1 1 0 1 0 0 1 1 1 1 0 0 1 0 0 0 0 0 0 0 0 1 1 0 
0 2
0 12
0 16
0 21
0 26
0 27
0 32
0 37
0 39
0 42
0 43
0 49
0 55
0 56
0 58
0 61
0 62
0 63
0 65
0 72
0 79
0 80
0 83
0 84
0 89
0 94
0 97
1 8
1 11
1 16
1 20
1 26
1 34
1 39
1 44
1 46
1 47
1 48
1 51
1 56
1 57
1 59
1 61
1 68
1 69
1 78
1 84
1 95
1 96
1 97
2 4
2 7
2 13
2 18
2 20
2 21
2 22
2 25
2 27
2 32
2 35
2 37
2 40
2 42
2 44
2 49
2 55
2 63
2 72
2 74
2 76
2 78
2 89
2 99
3 4
3 6
3 7
3 12
3 16
3 17
3 23
3 26
3 28
3 37
3 38
3 44
3 46
3 52
3 59
3 65
3 72
3 74
3 85
3 93
3 94
3 95
3 96
3 97
4 6
4 13
4 16
4 18
4 23
4 24
4 26
4 29
4 31
4 38
4 39
4 40
4 42
4 45
4 52
4 56
4 58
4 69
4 70
4 71
4 72
4 77
4 79
4 81
4 91
4 94
4 96
5 11
5 12
5 18
5 23
5 25
5 27
5 29
5 31
5 35
5 37
5 42
5 45
5 48
5 49
5 57
5 58
5 61
5 64
5 67
5 68
5 71
5 72
5 75
5 78
5 85
5 87
5 93
5 97
5 98
6 13
6 16
6 21
6 24
6 26
6 29
6 38
6 39
6 41
6 49
6 50
6 51
6 55
6 57
6 67
6 73
6 76
6 86
6 91
6 93
6 95
7 8
7 10
7 11
7 23
7 25
7 26
7 28
7 30
7 33
7 37
7 41
7 45
7 50
7 55
7 57
7 68
7 70
7 71
7 76
7 81
7 87
7 93
7 98
7 99
8 13
8 14
8 16
8 19
8 21
8 23
8 30
8 33
8 36
8 37
8 42
8 44
8 47
8 51
8 53
8 56
8 57
8 59
8 64
8 66
8 70
8 74
8 77
8 85
8 86
8 90
8 94
8 96
9 12
9 18
9 20
9 26
9 27
9 29
9 30
9 31
9 36
9 38
9 40
9 41
9 42
9 43
9 45
9 61
9 62
9 73
9 78
9 79
9 87
9 95
10 11
10 21
10 30
10 35
10 36
10 38
10 40
10 43
10 49
10 55
10 57
10 66
10 67
10 73
10 78
10 80
10 89
10 95
11 15
11 17
11 21
11 23
11 29
11 39
11 41
11 48
11 49
11 58
11 60
11 63
11 71
11 74
11 77
11 85
11 89
11 94
11 96
11 98
12 13
12 14
12 18
12 21
12 24
12 25
12 29
12 31
12 35
12 39
12 45
12 55
12 58
12 60
12 70
12 72
12 75
12 76
12 79
12 81
12 82
12 83
12 87
12 91
12 96
12 98
13 17
13 19
13 23
13 26
13 27
13 29
13 30
13 31
13 34
13 36
13 37
13 41
13 42
13 48
13 51
13 55
13 57
13 58
13 59
13 62
13 63
13 66
13 71
13 75
13 78
13 79
13 80
13 83
13 91
13 99
14 17
14 18
14 19
14 22
14 25
14 26
14 37
14 38
14 39
14 48
14 50
14 53
14 54
14 56
14 63
14 77
14 81
14 82
14 87
14 88
14 97
15 17
15 25
15 26
15 28
15 30
15 33
15 40
15 41
15 45
15 46
15 47
15 51
15 52
15 62
15 63
15 66
15 71
15 73
15 75
15 76
15 80
15 83
15 89
15 90
15 92
15 93
16 19
16 23
16 25
16 31
16 36
16 45
16 47
16 48
16 51
16 52
16 58
16 69
16 72
16 79
16 80
16 81
16 84
16 89
16 90
16 99
17 20
17 37
17 38
17 72
17 75
17 78
17 82
17 84
17 90
18 19
18 20
18 25
18 29
18 36
18 37
18 41
18 43
18 52
18 66
18 72
18 75
18 76
18 77
18 78
18 85
18 89
18 90
18 92
18 94
19 20
19 24
19 26
19 32
19 51
19 79
19 93
19 95
20 21
20 22
20 26
20 31
20 32
20 34
20 40
20 42
20 44
20 46
20 49
20 53
20 62
20 63
20 75
20 76
20 80
20 86
20 95
21 23
21 27
21 28
21 30
21 32
21 34
21 57
21 65
21 76
21 77
21 80
21 85
21 87
21 93
21 94
21 95
21 98
22 24
22 27
22 29
22 35
22 44
22 47
22 49
22 63
22 64
22 66
22 69
22 78
22 79
22 82
22 86
22 96
22 97
23 45
23 48
23 50
23 52
23 53
23 55
23 70
23 71
23 75
23 87
23 89
23 93
23 94
23 96
24 27
24 32
24 34
24 47
24 50
24 53
24 57
24 59
24 61
24 63
24 70
24 75
24 77
24 81
24 83
24 85
24 87
24 88
24 95
24 97
25 27
25 28
25 30
25 32
25 42
25 45
25 49
25 55
25 60
25 65
25 66
25 71
25 82
25 95
26 27
26 31
26 32
26 35
26 38
26 43
26 52
26 56
26 61
26 62
26 64
26 65
26 68
26 70
26 73
26 76
26 82
26 89
26 91
26 93
26 94
26 98
27 36
27 37
27 39
27 47
27 49
27 52
27 53
27 59
27 60
27 61
27 62
27 74
27 88
27 89
27 94
27 97
28 30
28 37
28 38
28 44
28 47
28 52
28 56
28 59
28 60
28 64
28 68
28 69
28 70
28 76
28 97
28 99
29 32
29 41
29 43
29 49
29 50
29 51
29 52
29 54
29 61
29 63
29 68
29 70
29 71
29 76
29 79
29 80
29 82
30 33
30 47
30 49
30 51
30 56
30 61
30 63
30 67
30 74
30 76
30 81
30 83
30 84
30 91
30 96
31 32
31 35
31 39
31 48
31 58
31 59
31 60
31 62
31 63
31 64
31 66
31 68
31 69
31 71
31 72
31 75
31 79
31 81
31 82
31 84
31 85
31 87
31 89
31 90
31 91
31 96
31 99
32 37
32 39
32 40
32 41
32 43
32 48
32 50
32 51
32 69
32 72
32 73
32 75
32 84
32 94
32 96
33 43
33 49
33 53
33 56
33 57
33 70
33 73
33 77
33 78
33 87
33 94
34 43
34 48
34 55
34 64
34 72
34 74
34 76
34 78
34 79
34 83
34 85
34 87
34 90
34 93
34 97
34 99
35 37
35 38
35 41
35 42
35 43
35 50
35 52
35 55
35 63
35 81
35 83
35 90
35 92
35 95
35 99
36 50
36 53
36 54
36 57
36 58
36 65
36 75
36 81
36 86
36 92
36 96
37 40
37 42
37 56
37 58
37 62
37 63
37 68
37 80
37 83
37 85
37 87
37 96
37 97
38 39
38 41
38 43
38 48
38 57
38 63
38 64
38 68
38 71
38 72
38 74
38 75
38 81
38 87
38 90
38 94
38 95
39 46
39 49
39 52
39 54
39 55
39 56
39 64
39 65
39 71
39 79
39 82
39 91
39 97
40 45
40 46
40 49
40 50
40 51
40 52
40 53
40 54
40 59
40 67
40 68
40 72
40 77
40 92
40 94
40 97
41 42
41 43
41 45
41 48
41 50
41 52
41 53
41 54
41 60
41 66
41 69
41 72
41 74
41 75
41 80
41 83
41 87
41 90
42 46
42 49
42 51
42 58
42 65
42 79
42 81
42 82
42 83
42 87
42 92
42 94
42 98
43 44
43 45
43 48
43 51
43 52
43 53
43 56
43 57
43 59
43 65
43 66
43 68
43 73
43 75
43 83
43 84
43 86
43 89
43 90
43 93
43 95
43 96
43 98
44 45
44 47
44 48
44 58
44 60
44 63
44 64
44 68
44 70
44 76
44 78
44 81
44 84
44 87
45 49
45 50
45 52
45 57
45 59
45 61
45 69
45 70
45 71
45 72
45 78
45 79
45 82
45 84
45 91
45 96
45 99
46 51
46 52
46 55
46 58
46 61
46 70
46 71
46 78
46 79
46 81
46 85
46 90
46 91
46 99
47 51
47 63
47 67
47 73
47 78
47 84
47 87
47 93
47 95
47 97
48 49
48 55
48 60
48 64
48 66
48 69
48 74
48 82
48 92
48 93
48 95
48 97
49 51
49 54
49 59
49 64
49 69
49 70
49 71
49 77
49 78
49 79
49 80
49 81
49 85
49 88
49 91
49 93
49 98
50 55
50 63
50 67
50 72
50 84
50 86
50 89
50 95
50 97
51 57
51 58
51 73
51 74
51 77
51 84
51 85
51 86
51 97
51 99
52 53
52 55
52 56
52 57
52 58
52 62
52 64
52 66
52 70
52 74
52 76
52 83
52 88
52 91
52 95
52 96
52 99
53 62
53 63
53 64
53 67
53 69
53 74
53 84
53 85
53 86
53 87
53 91
54 59
54 62
54 65
54 66
54 81
54 86
54 90
54 96
55 57
55 62
55 66
55 74
55 76
55 82
55 84
55 89
55 91
55 92
55 94
55 97
55 99
56 59
56 61
56 69
56 73
56 74
56 75
56 79
56 84
56 85
56 88
56 89
56 90
56 91
56 92
56 94
56 99
57 59
57 61
57 63
57 64
57 71
57 72
57 77
57 91
57 92
57 94
58 62
58 64
58 66
58 70
58 72
58 76
58 80
58 84
58 85
58 88
58 89
58 91
58 93
58 94
58 95
58 96
58 97
58 99
59 64
59 65
59 68
59 71
59 72
59 74
59 76
59 84
59 87
59 89
59 90
59 92
59 99
60 73
60 81
60 84
60 86
60 88
60 89
60 92
60 99
61 63
61 66
61 70
61 72
61 76
61 77
61 80
61 82
61 84
61 86
61 88
61 89
61 91
61 92
62 63
62 65
62 74
62 76
62 83
62 86
62 89
62 93
62 97
62 98
63 71
63 75
63 79
63 84
63 86
63 89
63 93
63 94
63 97
64 71
64 75
64 80
64 89
64 91
65 68
65 84
65 85
65 86
65 89
65 92
65 98
65 99
66 69
66 70
66 74
66 76
66 91
66 94
66 95
67 72
67 73
67 75
67 78
67 79
67 82
67 84
67 87
67 95
67 97
68 74
68 80
68 86
68 89
68 91
68 94
69 73
69 77
69 81
69 82
69 95
69 97
69 99
70 71
70 72
70 77
70 81
70 82
70 83
70 85
70 86
70 87
70 89
71 72
71 77
71 80
71 83
71 84
71 87
71 88
71 91
71 92
71 93
72 78
72 89
72 92
72 93
72 95
72 97
73 76
73 79
73 85
73 88
73 91
73 93
74 76
74 83
74 86
74 91
74 96
74 99
75 80
75 81
75 87
75 94
75 97
76 77
76 80
76 84
76 88
76 90
76 94
76 96
76 97
77 90
77 91
78 83
78 90
78 96
79 88
80 85
80 88
80 90
80 91
80 95
81 82
81 93
81 95
82 83
82 85
82 88
82 91
83 95
83 96
84 86
84 90
84 92
84 98
85 86
85 89
85 97
86 88
86 90
86 93
86 94
86 95
86 98
87 93
87 97
87 99
88 89
88 95
88 96
88 99
89 90
89 96
89 98
90 97
91 96
91 97
91 98
92 93
92 96
92 99
94 97